[0.9025000005722046]
[0.9025000005722046, 0.918599998664856]
[0.9025000005722046, 0.918599998664856, 0.872999997138977]
[0.9025000005722046, 0.918599998664856, 0.872999997138977, 0.9072999976158143]
[0.9025000005722046, 0.918599998664856, 0.872999997138977, 0.9072999976158143, 0.867399995803833]
[0.9025000005722046, 0.918599998664856, 0.872999997138977, 0.9072999976158143, 0.867399995803833, 0.9111999951362609]
[0.9025000005722046, 0.918599998664856, 0.872999997138977, 0.9072999976158143, 0.867399995803833, 0.9111999951362609, 0.9106000044822693]
[0.9025000005722046, 0.918599998664856, 0.872999997138977, 0.9072999976158143, 0.867399995803833, 0.9111999951362609, 0.9106000044822693, 0.9151999947547913]
[0.9025000005722046, 0.918599998664856, 0.872999997138977, 0.9072999976158143, 0.867399995803833, 0.9111999951362609, 0.9106000044822693, 0.9151999947547913, 0.9132000022888184]
[0.9025000005722046, 0.918599998664856, 0.872999997138977, 0.9072999976158143, 0.867399995803833, 0.9111999951362609, 0.9106000044822693, 0.9151999947547913, 0.9132000022888184, 0.9064999987602234]
[0.9025000005722046, 0.918599998664856, 0.872999997138977, 0.9072999976158143, 0.867399995803833, 0.9111999951362609, 0.9106000044822693, 0.9151999947547913, 0.9132000022888184, 0.9064999987602234, 0.9088999998092652]
[0.9025000005722046, 0.918599998664856, 0.872999997138977, 0.9072999976158143, 0.867399995803833, 0.9111999951362609, 0.9106000044822693, 0.9151999947547913, 0.9132000022888184, 0.9064999987602234, 0.9088999998092652, 0.907200004196167]
[0.9025000005722046, 0.918599998664856, 0.872999997138977, 0.9072999976158143, 0.867399995803833, 0.9111999951362609, 0.9106000044822693, 0.9151999947547913, 0.9132000022888184, 0.9064999987602234, 0.9088999998092652, 0.907200004196167, 0.9075999994277955]
[0.9025000005722046, 0.918599998664856, 0.872999997138977, 0.9072999976158143, 0.867399995803833, 0.9111999951362609, 0.9106000044822693, 0.9151999947547913, 0.9132000022888184, 0.9064999987602234, 0.9088999998092652, 0.907200004196167, 0.9075999994277955, 0.8994999984741211]
[0.9025000005722046, 0.918599998664856, 0.872999997138977, 0.9072999976158143, 0.867399995803833, 0.9111999951362609, 0.9106000044822693, 0.9151999947547913, 0.9132000022888184, 0.9064999987602234, 0.9088999998092652, 0.907200004196167, 0.9075999994277955, 0.8994999984741211, 0.8803000035285949]
[0.9025000005722046, 0.918599998664856, 0.872999997138977, 0.9072999976158143, 0.867399995803833, 0.9111999951362609, 0.9106000044822693, 0.9151999947547913, 0.9132000022888184, 0.9064999987602234, 0.9088999998092652, 0.907200004196167, 0.9075999994277955, 0.8994999984741211, 0.8803000035285949, 0.9034000049591064]
[0.9025000005722046, 0.918599998664856, 0.872999997138977, 0.9072999976158143, 0.867399995803833, 0.9111999951362609, 0.9106000044822693, 0.9151999947547913, 0.9132000022888184, 0.9064999987602234, 0.9088999998092652, 0.907200004196167, 0.9075999994277955, 0.8994999984741211, 0.8803000035285949, 0.9034000049591064, 0.8828000020980835]
[0.9025000005722046, 0.918599998664856, 0.872999997138977, 0.9072999976158143, 0.867399995803833, 0.9111999951362609, 0.9106000044822693, 0.9151999947547913, 0.9132000022888184, 0.9064999987602234, 0.9088999998092652, 0.907200004196167, 0.9075999994277955, 0.8994999984741211, 0.8803000035285949, 0.9034000049591064, 0.8828000020980835, 0.8837000018119812]
[0.9025000005722046, 0.918599998664856, 0.872999997138977, 0.9072999976158143, 0.867399995803833, 0.9111999951362609, 0.9106000044822693, 0.9151999947547913, 0.9132000022888184, 0.9064999987602234, 0.9088999998092652, 0.907200004196167, 0.9075999994277955, 0.8994999984741211, 0.8803000035285949, 0.9034000049591064, 0.8828000020980835, 0.8837000018119812, 0.8906999962806702]
[0.9025000005722046, 0.918599998664856, 0.872999997138977, 0.9072999976158143, 0.867399995803833, 0.9111999951362609, 0.9106000044822693, 0.9151999947547913, 0.9132000022888184, 0.9064999987602234, 0.9088999998092652, 0.907200004196167, 0.9075999994277955, 0.8994999984741211, 0.8803000035285949, 0.9034000049591064, 0.8828000020980835, 0.8837000018119812, 0.8906999962806702, 0.8766000042915344]
[0.8965999988555908]
[0.8965999988555908, 0.9114000008583069]
[0.8965999988555908, 0.9114000008583069, 0.9139999998092652]
[0.8965999988555908, 0.9114000008583069, 0.9139999998092652, 0.9062000023841857]
[0.8965999988555908, 0.9114000008583069, 0.9139999998092652, 0.9062000023841857, 0.911399998664856]
[0.8965999988555908, 0.9114000008583069, 0.9139999998092652, 0.9062000023841857, 0.911399998664856, 0.9097999998092652]
[0.8965999988555908, 0.9114000008583069, 0.9139999998092652, 0.9062000023841857, 0.911399998664856, 0.9097999998092652, 0.911099995803833]
[0.8965999988555908, 0.9114000008583069, 0.9139999998092652, 0.9062000023841857, 0.911399998664856, 0.9097999998092652, 0.911099995803833, 0.9101999994277954]
[0.8965999988555908, 0.9114000008583069, 0.9139999998092652, 0.9062000023841857, 0.911399998664856, 0.9097999998092652, 0.911099995803833, 0.9101999994277954, 0.8836999960899353]
[0.8965999988555908, 0.9114000008583069, 0.9139999998092652, 0.9062000023841857, 0.911399998664856, 0.9097999998092652, 0.911099995803833, 0.9101999994277954, 0.8836999960899353, 0.9111000030517579]
[0.8965999988555908, 0.9114000008583069, 0.9139999998092652, 0.9062000023841857, 0.911399998664856, 0.9097999998092652, 0.911099995803833, 0.9101999994277954, 0.8836999960899353, 0.9111000030517579, 0.9091999983787536]
[0.8965999988555908, 0.9114000008583069, 0.9139999998092652, 0.9062000023841857, 0.911399998664856, 0.9097999998092652, 0.911099995803833, 0.9101999994277954, 0.8836999960899353, 0.9111000030517579, 0.9091999983787536, 0.8925999967575073]
[0.8965999988555908, 0.9114000008583069, 0.9139999998092652, 0.9062000023841857, 0.911399998664856, 0.9097999998092652, 0.911099995803833, 0.9101999994277954, 0.8836999960899353, 0.9111000030517579, 0.9091999983787536, 0.8925999967575073, 0.8997000038146973]
[0.8965999988555908, 0.9114000008583069, 0.9139999998092652, 0.9062000023841857, 0.911399998664856, 0.9097999998092652, 0.911099995803833, 0.9101999994277954, 0.8836999960899353, 0.9111000030517579, 0.9091999983787536, 0.8925999967575073, 0.8997000038146973, 0.904900004863739]
[0.8965999988555908, 0.9114000008583069, 0.9139999998092652, 0.9062000023841857, 0.911399998664856, 0.9097999998092652, 0.911099995803833, 0.9101999994277954, 0.8836999960899353, 0.9111000030517579, 0.9091999983787536, 0.8925999967575073, 0.8997000038146973, 0.904900004863739, 0.9010999984741211]
[0.8965999988555908, 0.9114000008583069, 0.9139999998092652, 0.9062000023841857, 0.911399998664856, 0.9097999998092652, 0.911099995803833, 0.9101999994277954, 0.8836999960899353, 0.9111000030517579, 0.9091999983787536, 0.8925999967575073, 0.8997000038146973, 0.904900004863739, 0.9010999984741211, 0.8935999987602233]
[0.8965999988555908, 0.9114000008583069, 0.9139999998092652, 0.9062000023841857, 0.911399998664856, 0.9097999998092652, 0.911099995803833, 0.9101999994277954, 0.8836999960899353, 0.9111000030517579, 0.9091999983787536, 0.8925999967575073, 0.8997000038146973, 0.904900004863739, 0.9010999984741211, 0.8935999987602233, 0.8936999970436096]
[0.8965999988555908, 0.9114000008583069, 0.9139999998092652, 0.9062000023841857, 0.911399998664856, 0.9097999998092652, 0.911099995803833, 0.9101999994277954, 0.8836999960899353, 0.9111000030517579, 0.9091999983787536, 0.8925999967575073, 0.8997000038146973, 0.904900004863739, 0.9010999984741211, 0.8935999987602233, 0.8936999970436096, 0.8923999988555908]
[0.8965999988555908, 0.9114000008583069, 0.9139999998092652, 0.9062000023841857, 0.911399998664856, 0.9097999998092652, 0.911099995803833, 0.9101999994277954, 0.8836999960899353, 0.9111000030517579, 0.9091999983787536, 0.8925999967575073, 0.8997000038146973, 0.904900004863739, 0.9010999984741211, 0.8935999987602233, 0.8936999970436096, 0.8923999988555908, 0.8867999988555908]
[0.8965999988555908, 0.9114000008583069, 0.9139999998092652, 0.9062000023841857, 0.911399998664856, 0.9097999998092652, 0.911099995803833, 0.9101999994277954, 0.8836999960899353, 0.9111000030517579, 0.9091999983787536, 0.8925999967575073, 0.8997000038146973, 0.904900004863739, 0.9010999984741211, 0.8935999987602233, 0.8936999970436096, 0.8923999988555908, 0.8867999988555908, 0.8776999949455261]
[0.910900002670288]
[0.910900002670288, 0.9138000000953674]
[0.910900002670288, 0.9138000000953674, 0.9124999990463257]
[0.910900002670288, 0.9138000000953674, 0.9124999990463257, 0.9169999972343444]
[0.910900002670288, 0.9138000000953674, 0.9124999990463257, 0.9169999972343444, 0.913599995803833]
[0.910900002670288, 0.9138000000953674, 0.9124999990463257, 0.9169999972343444, 0.913599995803833, 0.9136000033378601]
[0.910900002670288, 0.9138000000953674, 0.9124999990463257, 0.9169999972343444, 0.913599995803833, 0.9136000033378601, 0.9150000026702881]
[0.910900002670288, 0.9138000000953674, 0.9124999990463257, 0.9169999972343444, 0.913599995803833, 0.9136000033378601, 0.9150000026702881, 0.9116999990463257]
[0.910900002670288, 0.9138000000953674, 0.9124999990463257, 0.9169999972343444, 0.913599995803833, 0.9136000033378601, 0.9150000026702881, 0.9116999990463257, 0.9132000019073486]
[0.910900002670288, 0.9138000000953674, 0.9124999990463257, 0.9169999972343444, 0.913599995803833, 0.9136000033378601, 0.9150000026702881, 0.9116999990463257, 0.9132000019073486, 0.8836000020980835]
[0.910900002670288, 0.9138000000953674, 0.9124999990463257, 0.9169999972343444, 0.913599995803833, 0.9136000033378601, 0.9150000026702881, 0.9116999990463257, 0.9132000019073486, 0.8836000020980835, 0.9103999954223633]
[0.910900002670288, 0.9138000000953674, 0.9124999990463257, 0.9169999972343444, 0.913599995803833, 0.9136000033378601, 0.9150000026702881, 0.9116999990463257, 0.9132000019073486, 0.8836000020980835, 0.9103999954223633, 0.8603000021934509]
[0.910900002670288, 0.9138000000953674, 0.9124999990463257, 0.9169999972343444, 0.913599995803833, 0.9136000033378601, 0.9150000026702881, 0.9116999990463257, 0.9132000019073486, 0.8836000020980835, 0.9103999954223633, 0.8603000021934509, 0.904700004196167]
[0.910900002670288, 0.9138000000953674, 0.9124999990463257, 0.9169999972343444, 0.913599995803833, 0.9136000033378601, 0.9150000026702881, 0.9116999990463257, 0.9132000019073486, 0.8836000020980835, 0.9103999954223633, 0.8603000021934509, 0.904700004196167, 0.8670999979019165]
[0.910900002670288, 0.9138000000953674, 0.9124999990463257, 0.9169999972343444, 0.913599995803833, 0.9136000033378601, 0.9150000026702881, 0.9116999990463257, 0.9132000019073486, 0.8836000020980835, 0.9103999954223633, 0.8603000021934509, 0.904700004196167, 0.8670999979019165, 0.8951999988555909]
[0.910900002670288, 0.9138000000953674, 0.9124999990463257, 0.9169999972343444, 0.913599995803833, 0.9136000033378601, 0.9150000026702881, 0.9116999990463257, 0.9132000019073486, 0.8836000020980835, 0.9103999954223633, 0.8603000021934509, 0.904700004196167, 0.8670999979019165, 0.8951999988555909, 0.8976000009536743]
[0.910900002670288, 0.9138000000953674, 0.9124999990463257, 0.9169999972343444, 0.913599995803833, 0.9136000033378601, 0.9150000026702881, 0.9116999990463257, 0.9132000019073486, 0.8836000020980835, 0.9103999954223633, 0.8603000021934509, 0.904700004196167, 0.8670999979019165, 0.8951999988555909, 0.8976000009536743, 0.8097000042915344]
[0.910900002670288, 0.9138000000953674, 0.9124999990463257, 0.9169999972343444, 0.913599995803833, 0.9136000033378601, 0.9150000026702881, 0.9116999990463257, 0.9132000019073486, 0.8836000020980835, 0.9103999954223633, 0.8603000021934509, 0.904700004196167, 0.8670999979019165, 0.8951999988555909, 0.8976000009536743, 0.8097000042915344, 0.8963000023841858]
[0.910900002670288, 0.9138000000953674, 0.9124999990463257, 0.9169999972343444, 0.913599995803833, 0.9136000033378601, 0.9150000026702881, 0.9116999990463257, 0.9132000019073486, 0.8836000020980835, 0.9103999954223633, 0.8603000021934509, 0.904700004196167, 0.8670999979019165, 0.8951999988555909, 0.8976000009536743, 0.8097000042915344, 0.8963000023841858, 0.8895000031471253]
[0.910900002670288, 0.9138000000953674, 0.9124999990463257, 0.9169999972343444, 0.913599995803833, 0.9136000033378601, 0.9150000026702881, 0.9116999990463257, 0.9132000019073486, 0.8836000020980835, 0.9103999954223633, 0.8603000021934509, 0.904700004196167, 0.8670999979019165, 0.8951999988555909, 0.8976000009536743, 0.8097000042915344, 0.8963000023841858, 0.8895000031471253, 0.8838000053405761]

[0.9133000041007996]
[0.9133000041007996, 0.9108999991416931]
[0.9133000041007996, 0.9108999991416931, 0.9137000016212463]
[0.9133000041007996, 0.9108999991416931, 0.9137000016212463, 0.901599997329712]
[0.9133000041007996, 0.9108999991416931, 0.9137000016212463, 0.901599997329712, 0.9118999961853027]
[0.9133000041007996, 0.9108999991416931, 0.9137000016212463, 0.901599997329712, 0.9118999961853027, 0.9121000000953674]
[0.9133000041007996, 0.9108999991416931, 0.9137000016212463, 0.901599997329712, 0.9118999961853027, 0.9121000000953674, 0.9044000027656555]
